

M1 = 1;
M2 = 1;
M3 = 1;
g = 9.8;
l1 = 1.0;
l2 = 0.5;
l3 = 0.3;
J1 = M1*l1*l1/3;
J2 = M2*l2*l2/3;
J3 = M3*l3*l3/3;
